{"order": 28, "construction": "product-orthomorphism Z2xZ2xZ7: sigma = ([[0,1],[1,1]] on Z2^2, z->2z on Z7), T[x][y] = sigma[x + y], index i = (i//14, (i%14)//7, i%7)", "table": [[0, 2, 4, 6, 1, 3, 5, 21, 23, 25, 27, 22, 24, 26, 7, 9, 11, 13, 8, 10, 12, 14, 16, 18, 20, 15, 17, 19], [2, 4, 6, 1, 3, 5, 0, 23, 25, 27, 22, 24, 26, 21, 9, 11, 13, 8, 10, 12, 7, 16, 18, 20, 15, 17, 19, 14], [4, 6, 1, 3, 5, 0, 2, 25, 27, 22, 24, 26, 21, 23, 11, 13, 8, 10, 12, 7, 9, 18, 20, 15, 17, 19, 14, 16], [6, 1, 3, 5, 0, 2, 4, 27, 22, 24, 26, 21, 23, 25, 13, 8, 10, 12, 7, 9, 11, 20, 15, 17, 19, 14, 16, 18], [1, 3, 5, 0, 2, 4, 6, 22, 24, 26, 21, 23, 25, 27, 8, 10, 12, 7, 9, 11, 13, 15, 17, 19, 14, 16, 18, 20], [3, 5, 0, 2, 4, 6, 1, 24, 26, 21, 23, 25, 27, 22, 10, 12, 7, 9, 11, 13, 8, 17, 19, 14, 16, 18, 20, 15], [5, 0, 2, 4, 6, 1, 3, 26, 21, 23, 25, 27, 22, 24, 12, 7, 9, 11, 13, 8, 10, 19, 14, 16, 18, 20, 15, 17], [21, 23, 25, 27, 22, 24, 26, 0, 2, 4, 6, 1, 3, 5, 14, 16, 18, 20, 15, 17, 19, 7, 9, 11, 13, 8, 10, 12], [23, 25, 27, 22, 24, 26, 21, 2, 4, 6, 1, 3, 5, 0, 16, 18, 20, 15, 17, 19, 14, 9, 11, 13, 8, 10, 12, 7], [25, 27, 22, 24, 26, 21, 23, 4, 6, 1, 3, 5, 0, 2, 18, 20, 15, 17, 19, 14, 16, 11, 13, 8, 10, 12, 7, 9], [27, 22, 24, 26, 21, 23, 25, 6, 1, 3, 5, 0, 2, 4, 20, 15, 17, 19, 14, 16, 18, 13, 8, 10, 12, 7, 9, 11], [22, 24, 26, 21, 23, 25, 27, 1, 3, 5, 0, 2, 4, 6, 15, 17, 19, 14, 16, 18, 20, 8, 10, 12, 7, 9, 11, 13], [24, 26, 21, 23, 25, 27, 22, 3, 5, 0, 2, 4, 6, 1, 17, 19, 14, 16, 18, 20, 15, 10, 12, 7, 9, 11, 13, 8], [26, 21, 23, 25, 27, 22, 24, 5, 0, 2, 4, 6, 1, 3, 19, 14, 16, 18, 20, 15, 17, 12, 7, 9, 11, 13, 8, 10], [7, 9, 11, 13, 8, 10, 12, 14, 16, 18, 20, 15, 17, 19, 0, 2, 4, 6, 1, 3, 5, 21, 23, 25, 27, 22, 24, 26], [9, 11, 13, 8, 10, 12, 7, 16, 18, 20, 15, 17, 19, 14, 2, 4, 6, 1, 3, 5, 0, 23, 25, 27, 22, 24, 26, 21], [11, 13, 8, 10, 12, 7, 9, 18, 20, 15, 17, 19, 14, 16, 4, 6, 1, 3, 5, 0, 2, 25, 27, 22, 24, 26, 21, 23], [13, 8, 10, 12, 7, 9, 11, 20, 15, 17, 19, 14, 16, 18, 6, 1, 3, 5, 0, 2, 4, 27, 22, 24, 26, 21, 23, 25], [8, 10, 12, 7, 9, 11, 13, 15, 17, 19, 14, 16, 18, 20, 1, 3, 5, 0, 2, 4, 6, 22, 24, 26, 21, 23, 25, 27], [10, 12, 7, 9, 11, 13, 8, 17, 19, 14, 16, 18, 20, 15, 3, 5, 0, 2, 4, 6, 1, 24, 26, 21, 23, 25, 27, 22], [12, 7, 9, 11, 13, 8, 10, 19, 14, 16, 18, 20, 15, 17, 5, 0, 2, 4, 6, 1, 3, 26, 21, 23, 25, 27, 22, 24], [14, 16, 18, 20, 15, 17, 19, 7, 9, 11, 13, 8, 10, 12, 21, 23, 25, 27, 22, 24, 26, 0, 2, 4, 6, 1, 3, 5], [16, 18, 20, 15, 17, 19, 14, 9, 11, 13, 8, 10, 12, 7, 23, 25, 27, 22, 24, 26, 21, 2, 4, 6, 1, 3, 5, 0], [18, 20, 15, 17, 19, 14, 16, 11, 13, 8, 10, 12, 7, 9, 25, 27, 22, 24, 26, 21, 23, 4, 6, 1, 3, 5, 0, 2], [20, 15, 17, 19, 14, 16, 18, 13, 8, 10, 12, 7, 9, 11, 27, 22, 24, 26, 21, 23, 25, 6, 1, 3, 5, 0, 2, 4], [15, 17, 19, 14, 16, 18, 20, 8, 10, 12, 7, 9, 11, 13, 22, 24, 26, 21, 23, 25, 27, 1, 3, 5, 0, 2, 4, 6], [17, 19, 14, 16, 18, 20, 15, 10, 12, 7, 9, 11, 13, 8, 24, 26, 21, 23, 25, 27, 22, 3, 5, 0, 2, 4, 6, 1], [19, 14, 16, 18, 20, 15, 17, 12, 7, 9, 11, 13, 8, 10, 26, 21, 23, 25, 27, 22, 24, 5, 0, 2, 4, 6, 1, 3]]}
